-0.40 0.0
-0.40 0.1
-0.40 0.2
-0.40 0.3
-0.40 0.4 
-0.40 0.5
-0.40 0.6
-0.40 0.7
-0.40 0.8
-0.40 0.9
-0.40 1.0
-0.40 1.1
-0.40 1.2
-0.40 1.3
-0.40 1.4
-0.40 1.5
-0.40 1.6
-0.40 1.7
-0.40 1.8
-0.40 1.9
-0.40 2.0
-0.35 2.0
-0.35 1.9
-0.35 1.8
-0.35 1.7
-0.35 1.6
-0.35 1.5
-0.35 1.4
-0.35 1.3
-0.35 1.2
-0.35 1.1
-0.35 1.0
-0.35 0.9
-0.35 0.8
-0.35 0.7
-0.35 0.6
-0.35 0.5
-0.35 0.4
-0.35 0.3
-0.35 0.2
-0.35 0.1
-0.35 0.0
-0.30 0.0
-0.30 0.1
-0.30 0.2
-0.30 0.3
-0.30 0.4 
-0.30 0.5
-0.30 0.6
-0.30 0.7
-0.30 0.8
-0.30 0.9
-0.30 1.0
-0.30 1.1
-0.30 1.2
-0.30 1.3
-0.30 1.4
-0.30 1.5
-0.30 1.6
-0.30 1.7
-0.30 1.8
-0.30 1.9
-0.30 2.0
-0.25 2.0
-0.25 1.9
-0.25 1.8
-0.25 1.7
-0.25 1.6
-0.25 1.5
-0.25 1.4
-0.25 1.3
-0.25 1.2
-0.25 1.1
-0.25 1.0
-0.25 0.9
-0.25 0.8
-0.25 0.7
-0.25 0.6
-0.25 0.5
-0.25 0.4
-0.25 0.3
-0.25 0.2
-0.25 0.1
-0.25 0.0
-0.20 0.0
-0.20 0.1
-0.20 0.2
-0.20 0.3
-0.20 0.4 
-0.20 0.5
-0.20 0.6
-0.20 0.7
-0.20 0.8
-0.20 0.9
-0.20 1.0
-0.20 1.1
-0.20 1.2
-0.20 1.3
-0.20 1.4
-0.20 1.5
-0.20 1.6
-0.20 1.7
-0.20 1.8
-0.20 1.9
-0.20 2.0
-0.15 2.0
-0.15 1.9
-0.15 1.8
-0.15 1.7
-0.15 1.6
-0.15 1.5
-0.15 1.4
-0.15 1.3
-0.15 1.2
-0.15 1.1
-0.15 1.0
-0.15 0.9
-0.15 0.8
-0.15 0.7
-0.15 0.6
-0.15 0.5
-0.15 0.4
-0.15 0.3
-0.15 0.2
-0.15 0.1
-0.15 0.0
-0.10 0.0
-0.10 0.1
-0.10 0.2
-0.10 0.3
-0.10 0.4 
-0.10 0.5
-0.10 0.6
-0.10 0.7
-0.10 0.8
-0.10 0.9
-0.10 1.0
-0.10 1.1
-0.10 1.2
-0.10 1.3
-0.10 1.4
-0.10 1.5
-0.10 1.6
-0.10 1.7
-0.10 1.8
-0.10 1.9
-0.10 2.0
-0.05 2.0
-0.05 1.9
-0.05 1.8
-0.05 1.7
-0.05 1.6
-0.05 1.5
-0.05 1.4
-0.05 1.3
-0.05 1.2
-0.05 1.1
-0.05 1.0
-0.05 0.9
-0.05 0.8
-0.05 0.7
-0.05 0.6
-0.05 0.5
-0.05 0.4
-0.05 0.3
-0.05 0.2
-0.05 0.1
-0.05 0.0
0.00 0.0
0.00 0.1
0.00 0.2
0.00 0.3
0.00 0.4 
0.00 0.5
0.00 0.6
0.00 0.7
0.00 0.8
0.00 0.9
0.00 1.0
0.00 1.1
0.00 1.2
0.00 1.3
0.00 1.4
0.00 1.5
0.00 1.6
0.00 1.7
0.00 1.8
0.00 1.9
0.00 2.0
0.05 2.0
0.05 1.9
0.05 1.8
0.05 1.7
0.05 1.6
0.05 1.5
0.05 1.4
0.05 1.3
0.05 1.2
0.05 1.1
0.05 1.0
0.05 0.9
0.05 0.8
0.05 0.7
0.05 0.6
0.05 0.5
0.05 0.4
0.05 0.3
0.05 0.2
0.05 0.1
0.05 0.0
0.10 0.0
0.10 0.1
0.10 0.2
0.10 0.3
0.10 0.4 
0.10 0.5
0.10 0.6
0.10 0.7
0.10 0.8
0.10 0.9
0.10 1.0
0.10 1.1
0.10 1.2
0.10 1.3
0.10 1.4
0.10 1.5
0.10 1.6
0.10 1.7
0.10 1.8
0.10 1.9
0.10 2.0
0.15 2.0
0.15 1.9
0.15 1.8
0.15 1.7
0.15 1.6
0.15 1.5
0.15 1.4
0.15 1.3
0.15 1.2
0.15 1.1
0.15 1.0
0.15 0.9
0.15 0.8
0.15 0.7
0.15 0.6
0.15 0.5
0.15 0.4
0.15 0.3
0.15 0.2
0.15 0.1
0.15 0.0
0.20 0.0
0.20 0.1
0.20 0.2
0.20 0.3
0.20 0.4 
0.20 0.5
0.20 0.6
0.20 0.7
0.20 0.8
0.20 0.9
0.20 1.0
0.20 1.1
0.20 1.2
0.20 1.3
0.20 1.4
0.20 1.5
0.20 1.6
0.20 1.7
0.20 1.8
0.20 1.9
0.20 2.0
0.25 2.0
0.25 1.9
0.25 1.8
0.25 1.7
0.25 1.6
0.25 1.5
0.25 1.4
0.25 1.3
0.25 1.2
0.25 1.1
0.25 1.0
0.25 0.9
0.25 0.8
0.25 0.7
0.25 0.6
0.25 0.5
0.25 0.4
0.25 0.3
0.25 0.2
0.25 0.1
0.25 0.0
0.30 0.0
0.30 0.1
0.30 0.2
0.30 0.3
0.30 0.4 
0.30 0.5
0.30 0.6
0.30 0.7
0.30 0.8
0.30 0.9
0.30 1.0
0.30 1.1
0.30 1.2
0.30 1.3
0.30 1.4
0.30 1.5
0.30 1.6
0.30 1.7
0.30 1.8
0.30 1.9
0.30 2.0
0.35 2.0
0.35 1.9
0.35 1.8
0.35 1.7
0.35 1.6
0.35 1.5
0.35 1.4
0.35 1.3
0.35 1.2
0.35 1.1
0.35 1.0
0.35 0.9
0.35 0.8
0.35 0.7
0.35 0.6
0.35 0.5
0.35 0.4
0.35 0.3
0.35 0.2
0.35 0.1
0.35 0.0
0.40 0.0
0.40 0.1
0.40 0.2
0.40 0.3
0.40 0.4 
0.40 0.5
0.40 0.6
0.40 0.7
0.40 0.8
0.40 0.9
0.40 1.0
0.40 1.1
0.40 1.2
0.40 1.3
0.40 1.4
0.40 1.5
0.40 1.6
0.40 1.7
0.40 1.8
0.40 1.9
0.40 2.0
